107 1169
107 1170
107 1171
107 1172
107 1173
107 1174
107 1175
107 1176
107 1177
107 1178
107 1179
107 1180
107 1181
107 1182
107 1183
107 1184
107 1185
107 1186
107 1187
107 1188
107 1189
107 1190
107 1191
107 1192
107 1193
107 1194
107 1195
107 1196
107 1197
107 1198
107 1199
107 1200
107 1201
107 1202
107 1203
107 1204
107 1205
107 1206
107 1207
107 1208
107 1209
107 1210
107 1211
107 1212
107 1213
107 1214
107 1215
107 1216
107 1217
107 1218
107 1219
107 1220
107 1221
107 1222
107 1223
107 1224
107 1225
107 1226
107 1227
107 1228
107 1229
107 1230
107 1231
107 1232
107 1233
107 1234
107 1235
107 1236
107 1237
107 1238
107 1239
107 1240
107 1241
107 1242
107 1243
107 1244
107 1245
107 1246
107 1247
107 1248
107 1249
107 1250
107 1251
107 1252
107 1253
107 1254
107 1255
107 1256
107 1257
107 1258
107 1259
107 1260
107 1261
107 1262
107 1263
107 1264
107 1265
107 1266
107 1267
107 1268
107 1269
107 1270
107 1271
107 1272
107 1273
107 1274
107 1275
107 1276
107 1277
107 1278
107 1279
107 1280
107 1281
107 1282
107 1283
107 1284
107 1285
107 1286
107 1287
107 1288
107 1289
107 1290
107 1291
107 1292
107 1293
107 1294
107 1295
107 1296
107 1297
107 1298
107 1299
107 1300
107 1301
107 1302
107 1303
107 1304
107 1305
107 1306
107 1307
107 1308
107 1309
107 1310
107 1311
107 1312
107 1313
107 1314
107 1315
107 1316
107 1317
107 1318
107 1319
107 1320
107 1321
107 1322
107 1323
107 1324
107 1325
107 1326
107 1327
107 1328
107 1329
107 1330
107 1331
107 1332
107 1333
107 1334
107 1335
107 1336
107 1337
107 1338
107 1339
107 1340
107 1341
107 1342
107 1343
107 1344
107 1345
107 1346
107 1347
107 1348
107 1349
107 1350
107 1351
107 1352
107 1353
107 1354
107 1355
107 1356
107 1357
107 1358
107 1359
107 1360
107 1361
107 1362
107 1363
107 1364
107 1365
107 1366
107 1367
107 1368
107 1369
107 1370
107 1371
107 1372
107 1373
107 1374
107 1375
107 1376
107 1377
107 1378
107 1379
107 1380
107 1381
107 1382
107 1383
107 1384
107 1385
107 1386
107 1387
107 1388
107 1389
107 1390
107 1391
107 1392
107 1393
107 1394
107 1395
107 1396
107 1397
107 1398
107 1399
107 1400
107 1401
107 1402
107 1403
107 1404
107 1405
107 1406
107 1407
107 1408
107 1409
107 1410
107 1411
107 1412
107 1413
107 1414
107 1415
107 1416
107 1417
107 1418
107 1419
107 1420
107 1421
107 1422
107 1423
107 1424
107 1425
107 1426
107 1427
107 1428
107 1429
107 1430
107 1431
107 1432
107 1433
107 1434
107 1435
107 1436
107 1437
107 1438
107 1439
107 1440
107 1441
107 1442
107 1443
107 1444
107 1445
107 1446
107 1447
107 1448
107 1449
107 1450
107 1451
107 1452
107 1453
107 1454
107 1455
107 1456
107 1457
107 1458
107 1459
107 1460
107 1461
107 1462
107 1463
107 1464
107 1465
107 1466