67 308
67 313
67 315
67 322
67 323
67 324
67 325
67 332
67 334
67 342
67 344
67 345
68 99
68 143
68 175
68 177
68 225
68 227
68 263
68 296
69 105
69 121
69 236
69 304
70 230
71 230
71 307
72 113
72 132
72 141
72 165
72 172
72 199
72 200
72 212
72 232
72 239
72 252
72 271
72 272
72 291
72 298
72 329
73 88
73 126
73 130
73 299
73 331
75 85
75 170
75 188
75 200
75 258
75 272
75 274
75 304
75 322
75 323
76 270
77 117
77 231
77 294
77 332
78 181
78 195
78 218
78 273
78 275
78 306
78 328
79 119
79 185
79 188
79 200
79 252
79 271
79 272
80 88
80 92
80 94
80 101
80 173
80 180
80 187
80 194
80 204
80 213
80 242
80 249
80 266
80 299
80 300
80 315
80 320
80 330
80 346
81 269
81 286
82 84
82 98
82 118
82 119
82 121
82 123
82 148
82 158
82 169
82 170
82 172
82 199
82 203
82 211
82 222
82 231
82 238
82 252
82 261
82 268
82 271
82 313
82 314
82 318
82 325
82 331
83 84
83 237
84 224
84 236
84 237
84 265
84 276
84 304
84 313
85 156
85 170
85 176
85 188
85 258
85 271
85 272
85 274
85 322
85 323
86 175
86 177
86 225
86 227
86 278
87 136
87 161
87 213
87 246
87 291
87 308
87 315
87 322
87 339
88 106
88 126
88 130
88 164
88 178
88 186
88 236
88 242
88 303
88 322
88 336
89 95
89 147
89 219
89 319
89 327
90 179
91 110
91 193
91 201
91 245
91 259
91 264
92 94
92 101
92 180
92 187
92 194
92 196
92 204
92 242
92 249
92 254
92 266
92 299
92 302
92 330
92 346
93 111
93 137
93 167
93 310
93 337
94 101
94 180
94 187
94 194
94 204
94 242
94 249
94 254
94 266
94 299
94 300
94 302
94 315
94 320
94 330
94 346
95 147
95 319
95 327
96 133
96 190
96 213
96 224
96 274
96 314
96 323
97 182
97 230
98 103
98 104
98 109
98 113
98 118
98 119
98 122
98 123
98 128
98 141
98 148
98 170
98 172
98 186
98 199
98 200
98 203
98 211
98 223
98 238
98 239
98 252
98 258
98 261
98 265
98 271
98 272
98 276
98 277
98 280
98 285
98 291
98 304
98 313
98 315
98 325
98 331
98 332
98 342
99 102
99 131
99 143
99 175
99 177
99 225
99 227
99 263
99 278
99 296
100 119
100 150
100 163
100 189
100 217
100 269
100 323
101 180
101 187
101 194
101 204
101 242
101 249
101 254
101 266
101 299
101 302
101 317
101 330
101 346
102 175
102 227
102 263
102 296
103 136
103 169
103 172
103 185
103 200
103 211
103 252
103 271
103 285
103 323
103 339
104 109
104 113
104 122
104 123
104 128
104 142
104 169
104 186
104 188
104 200
104 203
104 212
104 239
104 252
104 271
104 277
104 295
104 303
104 318
104 322
104 325
104 332
104 344
105 119
105 148
105 236
105 257
105 272
105 277
105 280
105 315
106 169
106 231
106 238
106 329
106 332
107 171
107 348
107 353
107 363
107 366
107 376
107 389
107 414
107 420
107 428
107 475
107 483
107 484
107 517
107 526
107 538
107 563
107 566
107 580
107 596
107 601
107 606
107 629
107 637
107 641
107 649
107 651
107 896
107 897
107 898
107 899
107 900
107 901
107 902
107 903
107 904
107 905
107 906
107 907
107 908
107 909
107 910
107 911
107 912
107 913
107 914
107 915
107 916
107 917
107 918
107 919
107 920
107 921
107 922
107 923
107 924
107 925
107 926
107 927
107 928
107 929
107 930
107 931
107 932
107 933
107 934
107 935
107 936
107 937
107 938
107 939
107 940
107 941
107 942
107 943
107 944
107 945
107 946
107 947
107 948
107 949
107 950
107 951
107 952
107 953
107 954
107 955
107 956
107 957
107 958
107 959
107 960
107 961
107 962
107 963
107 964
107 965
107 966
107 967
107 968
107 969
107 970
107 971
107 972
107 973
107 974
107 975
107 976
107 977
107 978
107 979
107 980
107 981
107 982
107 983
107 984
107 985
107 986
107 987
107 988
107 989
107 990
107 991
107 992
107 993
107 994
107 995
107 996
107 997
107 998
107 999
107 1000
107 1001
107 1002
107 1003
107 1004
107 1005
107 1006
107 1007
107 1008
107 1009
107 1010
107 1011
107 1012
107 1013
107 1014
107 1015
107 1016
107 1017
107 1018
107 1019
107 1020
107 1021
107 1022
107 1023
107 1024
107 1025
107 1026
107 1027
107 1028
107 1029
107 1030
107 1031
107 1032
107 1033
107 1034
107 1035
107 1036
107 1037
107 1038
107 1039
107 1040
107 1041
107 1042
107 1043
107 1044
107 1045
107 1046
107 1047
107 1048
107 1049
107 1050
107 1051
107 1052
107 1053
107 1054
107 1055
107 1056
107 1057
107 1058
107 1059
107 1060
107 1061
107 1062
107 1063
107 1064
107 1065
107 1066
107 1067
107 1068
107 1069
107 1070
107 1071
107 1072
107 1073
107 1074
107 1075
107 1076
107 1077
107 1078
107 1079
107 1080
107 1081
107 1082
107 1083
107 1084
107 1085
107 1086
107 1087
107 1088
107 1089
107 1090
107 1091
107 1092
107 1093
107 1094
107 1095
107 1096
107 1097
107 1098
107 1099
107 1100
107 1101
107 1102
107 1103
107 1104
107 1105
107 1106
107 1107
107 1108
107 1109
107 1110
107 1111
107 1112
107 1113
107 1114
107 1115
107 1116
107 1117
107 1118
107 1119
107 1120
107 1121
107 1122
107 1123
107 1124
107 1125
107 1126
107 1127
107 1128
107 1129
107 1130
107 1131
107 1132
107 1133
107 1134
107 1135
107 1136
107 1137
107 1138
107 1139
107 1140
107 1141
107 1142
107 1143
107 1144
107 1145
107 1146
107 1147
107 1148
107 1149
107 1150
107 1151
107 1152
107 1153
107 1154
107 1155
107 1156
107 1157
107 1158
107 1159
107 1160
107 1161
107 1162
107 1163
107 1164
107 1165
107 1166
107 1167
107 1168